[gd_scene load_steps=6 format=3 uid="uid://rgn7700qf548"]

[ext_resource type="Script" path="res://Scenes/5 - LightningEvent/LightningBox.gd" id="1_ft0e8"]

[sub_resource type="PlaneMesh" id="PlaneMesh_ki8q3"]
size = Vector2(50, 50)

[sub_resource type="BoxMesh" id="BoxMesh_j31ju"]
size = Vector3(6, 2, 1)

[sub_resource type="BoxMesh" id="BoxMesh_6o1no"]
size = Vector3(3, 6, 1)

[sub_resource type="BoxMesh" id="BoxMesh_ife5h"]
size = Vector3(3, 3, 20)

[node name="LightningEvent" type="Node3D"]

[node name="MeshInstance3D" type="MeshInstance3D" parent="."]
mesh = SubResource("PlaneMesh_ki8q3")

[node name="SpotLight3D" type="SpotLight3D" parent="."]
transform = Transform3D(1, 0, 0, 0, 0.866025, 0.5, 0, -0.5, 0.866025, 0, 7.4526, 13)
light_energy = 2.0
light_specular = 1.0
shadow_enabled = true
spot_range = 40.0
spot_attenuation = 1e-05
spot_angle = 15.0
spot_angle_attenuation = 1e-05

[node name="MeshInstance3D2" type="MeshInstance3D" parent="."]
transform = Transform3D(1, 0, 0, 0, 1, 0, 0, 0, 1, 0, 0.5, 7)
mesh = SubResource("BoxMesh_j31ju")

[node name="MeshInstance3D5" type="MeshInstance3D" parent="."]
transform = Transform3D(1, 0, 0, 0, 1, 0, 0, 0, 1, 0, 5.5, 7)
mesh = SubResource("BoxMesh_j31ju")

[node name="MeshInstance3D3" type="MeshInstance3D" parent="."]
transform = Transform3D(1, 0, 0, 0, 1, 0, 0, 0, 1, -3, 4, 7)
mesh = SubResource("BoxMesh_6o1no")

[node name="MeshInstance3D4" type="MeshInstance3D" parent="."]
transform = Transform3D(1, 0, 0, 0, 1, 0, 0, 0, 1, 3, 4, 7)
mesh = SubResource("BoxMesh_6o1no")

[node name="Node3D" type="Node3D" parent="."]
transform = Transform3D(1, 0, 0, 0, 1, 0, 0, 0, 1, 3.72587, 0, -3.08959)

[node name="Node3D2" type="Node3D" parent="."]
transform = Transform3D(1, 0, 0, 0, 1, 0, 0, 0, 1, -3.71989, 0, -3.08959)

[node name="Node3D3" type="Node3D" parent="."]
transform = Transform3D(1, 0, 0, 0, 1, 0, 0, 0, 1, -2.01499, 0, 4.27964)

[node name="Node3D4" type="Node3D" parent="."]
transform = Transform3D(1, 0, 0, 0, 1, 0, 0, 0, 1, 2.01287, 0, 4.27964)

[node name="Camera3D" type="Camera3D" parent="."]
transform = Transform3D(-1, 4.86388e-15, 8.74228e-08, 4.37114e-08, 0.866025, 0.5, -7.57103e-08, 0.5, -0.866025, 0, 8, -8)

[node name="LightningBox" type="MeshInstance3D" parent="."]
transform = Transform3D(1, 0, 0, 0, 0.906308, 0.422618, 0, -0.422618, 0.906308, 0, 3, 7)
mesh = SubResource("BoxMesh_ife5h")
script = ExtResource("1_ft0e8")
